temp ave_energy			ave_energy^2			C_v
2.92			-0.75			1.332			0.09024910865077876
2.82			-0.7175			1.2575			0.09339240355112922
2.7199999999999998			-0.7316666666666667			1.2723333333333333			0.09961575776143793
2.62			-0.74225			1.29025			0.10770277628051976
2.52			-0.739			1.2858			0.11647754472159233
2.42			-0.7421666666666666			1.2788333333333333			0.12431220070729838
2.32			-0.7362857142857143			1.272857142857143			0.13576480562498483
2.2199999999999998			-0.7375			1.263			0.14590815477639804
2.12			-0.7404444444444445			1.2586666666666666			0.1580653015659542
2.02			-0.7475			1.2613			0.17217521566513086
1.92			-0.7473636363636363			1.2542727272727272			0.18872621590550392
1.8199999999999998			-0.7539166666666667			1.2565833333333334			0.20776264734197433
1.7199999999999998			-0.7588461538461538			1.2565384615384616			0.23008753932239084
1.6199999999999999			-0.7600714285714286			1.248357142857143			0.2555435780850978
1.5199999999999998			-0.7645333333333333			1.2504			0.28821363496460456
1.42			-0.7700625			1.2521875			0.3269149206971584
1.3199999999999998			-0.7745882352941177			1.254			0.3753518513222824
1.2199999999999998			-0.7792222222222223			1.2565555555555556			0.43628613541428213
1.1199999999999999			-0.7798421052631579			1.2493157894736842			0.5111304849588728
1.0199999999999998			-0.78475			1.25055			0.6100705858323725
0.9199999999999999			-0.7876666666666666			1.2476666666666667			0.741077373450956