Temp			ave_magnetization			ave_magnetization^2			susceptibility
2.92			[2.7024e-03 3.2944e-03 1.8400e-04 9.0960e-04 1.4848e-03 9.2640e-04
 1.2744e-03 2.0056e-03 1.3160e-03 5.2880e-04 1.3936e-03 1.0040e-03
 3.5856e-03 7.2504e-03 1.1544e-03 2.6720e-03 4.8320e-04 1.4056e-03
 5.9200e-05 2.2840e-03 1.0808e-03 1.3552e-03 3.1160e-03 2.3944e-03
 9.9040e-04 1.3168e-03 5.9600e-04 1.5512e-03 3.5576e-03 4.1840e-04
 3.7856e-03 1.2288e-03 2.8152e-03 8.3520e-04 2.7024e-03 3.9848e-03
 2.2592e-03 1.8632e-03 7.2672e-03 4.9808e-03 4.8080e-04 3.9040e-04
 6.0560e-04 6.6880e-04 3.2240e-03 2.1112e-03 3.8656e-03 2.2848e-03
 4.7200e-05]			[9.306880e-06 1.325312e-05 1.146880e-06 2.049280e-06 3.811840e-06
 1.319680e-06 1.971200e-06 4.930560e-06 6.123520e-06 9.459200e-07
 3.175680e-06 1.646080e-06 1.341056e-05 5.427584e-05 1.468160e-06
 9.157120e-06 1.617920e-06 2.373120e-06 5.772800e-07 6.984960e-06
 1.405440e-06 2.224640e-06 1.159296e-05 6.663680e-06 1.497600e-06
 3.719680e-06 1.692160e-06 2.635520e-06 1.451264e-05 1.621760e-06
 1.532672e-05 2.213120e-06 1.140224e-05 2.330880e-06 1.271168e-05
 1.659648e-05 6.270720e-06 3.983360e-06 5.388160e-05 2.638336e-05
 2.252800e-06 7.436800e-07 9.625600e-07 6.374400e-07 1.212032e-05
 8.364800e-06 1.572096e-05 9.089280e-06 1.600000e-07]
2.82			[0.0001544 0.0017596 0.0004476 0.0027056 0.0002384 0.0017164 0.0021152
 0.0025284 0.0040592 0.0007644 0.0014396 0.0011112 0.0029288 0.002196
 0.001628  0.0014968 0.0005324 0.0017588 0.0003812 0.0011896 0.0027748
 0.000118  0.001138  0.001152  0.0005668 0.0010464 0.0002396 0.0015916
 0.0027416 0.0012236 0.0043236 0.0006396 0.0005532 0.0014748 0.0023276
 0.0020216 0.0009932 0.0017652 0.0040456 0.0044724 0.0008408 0.0015696
 0.0005608 0.0004312 0.0031208 0.001078  0.0008616 0.0028084 0.0001568]			[9.381760e-06 6.989440e-06 1.832320e-06 1.225920e-05 2.533760e-06
 1.028224e-05 6.469120e-06 9.155840e-06 4.773952e-05 1.143680e-06
 3.027840e-06 1.751040e-06 9.761280e-06 3.213440e-05 1.083200e-05
 5.445120e-06 2.174720e-06 4.242560e-06 7.270400e-07 3.783040e-06
 1.107712e-05 1.920000e-06 6.543360e-06 4.160000e-06 3.507840e-06
 2.333440e-06 1.887360e-06 3.111040e-06 9.475840e-06 3.121280e-06
 2.020864e-05 1.466880e-06 1.452352e-05 3.752320e-06 9.360000e-06
 4.134016e-05 3.925120e-06 3.776000e-06 2.763968e-05 2.141248e-05
 1.933440e-06 6.951040e-06 2.725760e-06 8.428800e-07 1.125440e-05
 4.629760e-06 1.217408e-05 1.055488e-05 2.630400e-07]
2.7199999999999998			[5.74666667e-04 9.33333333e-04 3.86666667e-05 1.61520000e-03
 3.57066667e-04 5.15733333e-04 6.05066667e-04 2.14053333e-03
 3.39866667e-03 3.69066667e-04 1.07493333e-03 1.97600000e-03
 1.72213333e-03 3.42826667e-03 1.40933333e-03 1.20213333e-03
 2.75626667e-03 4.14026667e-03 2.56186667e-03 6.72000000e-05
 1.82880000e-03 3.81066667e-04 2.98666667e-05 1.06266667e-03
 7.11466667e-04 8.29333333e-04 1.89920000e-03 2.38693333e-03
 2.56826667e-03 1.52853333e-03 3.64000000e-03 1.40480000e-03
 8.04266667e-04 1.37333333e-04 6.09066667e-04 2.28666667e-03
 4.85866667e-04 2.74666667e-05 2.43866667e-03 3.92213333e-03
 5.16266667e-04 1.28080000e-03 4.53333333e-04 3.90666667e-04
 2.14026667e-03 1.43200000e-04 1.40160000e-03 2.50266667e-03
 7.75466667e-04]			[7.91338667e-06 5.00096000e-06 1.54197333e-06 8.99370667e-06
 2.71402667e-06 1.54696533e-05 6.42560000e-06 7.00117333e-06
 3.40224000e-05 3.27552000e-06 3.03829333e-06 5.90080000e-06
 7.49610667e-06 3.32424533e-05 8.53973333e-06 3.85792000e-06
 1.88616533e-05 3.07443200e-05 1.65764267e-05 4.28629333e-06
 7.52469333e-06 1.69130667e-06 6.34282667e-06 3.37834667e-06
 6.02240000e-06 8.76672000e-06 1.40475733e-05 8.45184000e-06
 8.12032000e-06 3.68896000e-06 1.55520000e-05 4.98517333e-06
 1.40185600e-05 6.80832000e-06 9.19040000e-06 3.07549867e-05
 6.69141333e-06 7.11722667e-06 1.93574400e-05 1.70414933e-05
 1.57738667e-06 4.98261333e-06 2.08896000e-06 9.47626667e-07
 7.62709333e-06 4.28842667e-06 2.03430400e-05 8.46634667e-06
 2.60480000e-06]
2.62			[7.3740e-04 8.1440e-04 8.6460e-04 6.5020e-04 2.5460e-04 9.8660e-04
 2.6500e-04 1.5712e-03 2.4664e-03 1.7260e-04 7.2000e-06 9.9740e-04
 2.4632e-03 1.9562e-03 8.3620e-04 1.1500e-03 4.5480e-04 3.9922e-03
 2.9672e-03 1.4328e-03 2.2948e-03 1.0496e-03 1.8900e-04 2.2958e-03
 9.9360e-04 1.0356e-03 2.0394e-03 2.0014e-03 1.3882e-03 2.4092e-03
 2.1224e-03 1.9100e-04 3.1900e-04 5.9460e-04 1.0290e-03 1.7546e-03
 8.6060e-04 6.0880e-04 1.7906e-03 3.5846e-03 5.7240e-04 1.6800e-05
 2.3100e-04 9.5060e-04 2.1750e-03 1.0400e-05 7.5780e-04 1.4522e-03
 8.2980e-04]			[1.152000e-05 3.858240e-06 3.985920e-06 8.761600e-06 2.124800e-06
 1.310592e-05 5.184960e-06 5.544640e-06 2.564896e-05 2.983680e-06
 5.268160e-06 6.443840e-06 1.128032e-05 2.674592e-05 6.775040e-06
 3.282560e-06 2.477120e-05 2.631136e-05 1.700960e-05 1.099200e-05
 9.520320e-06 8.568640e-06 5.151680e-06 1.164608e-05 5.548800e-06
 7.498880e-06 1.221824e-05 6.649600e-06 7.560320e-06 9.433600e-06
 1.320608e-05 7.180800e-06 1.102944e-05 7.456000e-06 8.586560e-06
 2.334368e-05 6.168960e-06 7.254720e-06 1.464032e-05 1.471072e-05
 4.974400e-06 7.554560e-06 3.177600e-06 6.968320e-06 7.315200e-06
 3.383680e-06 1.718656e-05 7.873600e-06 2.257280e-06]
2.52			[4.46080e-04 1.70512e-03 9.48800e-04 6.16000e-04 1.29552e-03 1.05760e-03
 4.64800e-04 1.15776e-03 1.58144e-03 1.04592e-03 2.08000e-04 1.51200e-04
 2.34032e-03 2.27968e-03 1.05216e-03 6.46240e-04 1.07872e-03 2.37392e-03
 1.94784e-03 1.63712e-03 1.58784e-03 6.90400e-04 2.24960e-04 1.19184e-03
 2.78720e-04 1.00752e-03 9.58720e-04 1.39744e-03 1.67840e-04 1.64240e-03
 1.63360e-03 7.19360e-04 5.65280e-04 1.23360e-04 1.06016e-03 9.20160e-04
 7.50880e-04 4.26560e-04 9.80160e-04 3.45648e-03 2.77120e-04 6.67200e-05
 3.02880e-04 1.17408e-03 1.91936e-03 1.00000e-04 7.04640e-04 1.26496e-03
 1.62880e-03]			[1.0664960e-05 8.7938560e-06 3.5962880e-06 1.3593600e-05 7.7309440e-06
 1.1144192e-05 6.8531200e-06 4.5125120e-06 2.1677056e-05 1.0081536e-05
 4.5071360e-06 7.3571840e-06 1.0358784e-05 2.4027392e-05 6.2333440e-06
 3.9029760e-06 2.2659584e-05 2.4858112e-05 1.4919936e-05 1.0276096e-05
 8.0834560e-06 7.2217600e-06 4.2004480e-06 1.1685888e-05 1.0272512e-05
 6.6503680e-06 1.2146688e-05 5.6514560e-06 1.0616320e-05 8.2007040e-06
 1.1233792e-05 7.6695040e-06 9.4346240e-06 6.7182080e-06 7.5624960e-06
 1.9991040e-05 5.6314880e-06 6.3877120e-06 1.2810752e-05 1.3621504e-05
 4.7383040e-06 6.1317120e-06 4.3023360e-06 6.6918400e-06 6.2010880e-06
 2.9056000e-06 1.4519296e-05 6.5912320e-06 6.6478080e-06]
2.42			[7.13333333e-04 1.55106667e-03 3.24000000e-05 9.90666667e-04
 4.04000000e-05 5.82266667e-04 3.79866667e-04 7.68533333e-04
 9.12400000e-04 1.09173333e-03 5.49200000e-04 8.21200000e-04
 1.96200000e-03 1.34360000e-03 1.81760000e-03 5.51333333e-04
 9.48400000e-04 2.73586667e-03 1.70013333e-03 1.62986667e-03
 1.76826667e-03 7.88800000e-04 4.65866667e-04 5.68000000e-04
 3.18400000e-04 3.50800000e-04 8.73466667e-04 1.61093333e-03
 1.14266667e-04 1.94000000e-03 1.57213333e-03 1.62866667e-03
 1.99333333e-04 6.32800000e-04 1.10466667e-03 1.41280000e-03
 1.36453333e-03 8.20533333e-04 1.37026667e-03 3.00253333e-03
 1.00266667e-03 9.48800000e-04 5.54000000e-04 7.49733333e-04
 1.81306667e-03 3.47866667e-04 2.88266667e-04 8.98533333e-04
 1.38586667e-03]			[9.66016000e-06 7.80437333e-06 7.10613333e-06 1.27598933e-05
 1.31296000e-05 1.03837867e-05 5.77216000e-06 4.40064000e-06
 1.91221333e-05 8.76842667e-06 7.04405333e-06 9.34848000e-06
 8.73173333e-06 2.23893333e-05 1.06837333e-05 3.36832000e-06
 1.89934933e-05 2.44036267e-05 1.29314133e-05 9.14410667e-06
 8.11008000e-06 6.35178667e-06 4.19093333e-06 1.12480000e-05
 1.04531200e-05 7.16224000e-06 1.05350400e-05 6.15637333e-06
 8.93184000e-06 8.85056000e-06 9.69280000e-06 1.28616533e-05
 8.47552000e-06 8.97237333e-06 6.64938667e-06 1.92258133e-05
 8.04416000e-06 7.32437333e-06 1.26440533e-05 1.15953067e-05
 7.60896000e-06 1.17890133e-05 4.21418667e-06 5.98400000e-06
 5.53706667e-06 3.07946667e-06 1.27323733e-05 6.06656000e-06
 5.65930667e-06]
2.32			[8.22971429e-04 1.06308571e-03 4.92685714e-04 1.30571429e-03
 2.95428571e-04 1.50628571e-04 3.68685714e-04 6.31771429e-04
 2.26171429e-04 4.81485714e-04 1.50857143e-04 3.69828571e-04
 2.13028571e-03 1.23702857e-03 1.28480000e-03 2.12457143e-04
 1.01451429e-03 1.93920000e-03 1.81531429e-03 1.27737143e-03
 1.77554286e-03 3.94400000e-04 1.26057143e-03 9.60000000e-06
 7.67085714e-04 6.44914286e-04 1.60240000e-03 1.06925714e-03
 2.91657143e-04 1.40971429e-03 1.42685714e-03 1.67417143e-03
 2.75085714e-04 4.86857143e-05 6.03885714e-04 1.39017143e-03
 1.19828571e-03 3.62057143e-04 7.07542857e-04 2.62605714e-03
 1.31451429e-03 1.10262857e-03 7.66057143e-04 7.87657143e-04
 2.15954286e-03 8.48000000e-05 2.43428571e-04 1.03497143e-03
 1.14480000e-03]			[8.71881143e-06 7.23858286e-06 8.08722286e-06 1.26480457e-05
 1.20934400e-05 9.86550857e-06 5.01266286e-06 3.86230857e-06
 1.87757714e-05 9.18948571e-06 6.99611429e-06 9.12274286e-06
 9.16406857e-06 1.93629257e-05 9.76201143e-06 3.61819429e-06
 1.66652343e-05 2.22902857e-05 1.20288914e-05 8.12105143e-06
 7.46770286e-06 6.19904000e-06 9.36246857e-06 1.21082514e-05
 1.07090286e-05 7.24169143e-06 1.41732571e-05 6.00905143e-06
 8.88850286e-06 8.17261714e-06 8.46610286e-06 1.18304914e-05
 8.75318857e-06 9.47181714e-06 7.15958857e-06 1.74186057e-05
 7.05444571e-06 7.35872000e-06 1.24260571e-05 1.00013714e-05
 8.00018286e-06 1.09346743e-05 4.25069714e-06 5.31273143e-06
 7.47721143e-06 2.99885714e-06 1.10378057e-05 5.84612571e-06
 4.87369143e-06]
2.2199999999999998			[8.5610e-04 1.1590e-03 8.4590e-04 1.1065e-03 9.2400e-04 3.6680e-04
 7.2080e-04 5.0040e-04 9.1440e-04 3.9630e-04 2.1140e-04 3.5720e-04
 1.7016e-03 1.6789e-03 1.6170e-03 5.2940e-04 1.7678e-03 1.8138e-03
 2.0518e-03 5.6700e-04 2.2079e-03 4.2460e-04 1.2422e-03 4.6380e-04
 5.5490e-04 8.0300e-05 1.4440e-03 1.1788e-03 2.8960e-04 7.6840e-04
 9.5630e-04 1.2013e-03 3.2800e-05 7.1000e-06 2.1190e-04 1.0896e-03
 1.5887e-03 5.9030e-04 1.1776e-03 2.1410e-03 1.2283e-03 1.4950e-03
 7.3740e-04 6.8820e-04 2.1339e-03 4.0500e-04 1.3280e-04 5.3960e-04
 1.1014e-03]			[7.872800e-06 6.849760e-06 8.708320e-06 1.122960e-05 1.420368e-05
 1.070800e-05 5.679680e-06 3.535520e-06 2.080224e-05 8.083360e-06
 7.202240e-06 8.114240e-06 8.285920e-06 1.988032e-05 1.064720e-05
 7.313120e-06 2.103600e-05 1.966544e-05 1.239152e-05 9.653600e-06
 1.010592e-05 5.842560e-06 8.374080e-06 1.232080e-05 9.529280e-06
 9.820800e-06 1.246384e-05 5.770240e-06 1.031584e-05 8.944160e-06
 8.205120e-06 1.105424e-05 8.128800e-06 8.773120e-06 7.242400e-06
 1.547696e-05 8.835520e-06 7.456160e-06 1.364752e-05 9.209760e-06
 7.086560e-06 1.192560e-05 3.836640e-06 4.709760e-06 7.301920e-06
 3.526400e-06 9.780480e-06 6.397760e-06 4.380960e-06]
2.12			[5.41333333e-04 1.48000000e-03 5.85955556e-04 1.02684444e-03
 7.04800000e-04 2.83555556e-05 5.44177778e-04 6.01244444e-04
 6.30488889e-04 4.17155556e-04 1.37422222e-04 5.04888889e-05
 7.58311111e-04 1.35431111e-03 1.67440000e-03 6.82844444e-04
 1.47644444e-03 9.05333333e-04 1.71351111e-03 5.40711111e-04
 2.17253333e-03 4.53955556e-04 1.02008889e-03 4.14222222e-05
 3.36266667e-04 3.91288889e-04 1.21102222e-03 8.30133333e-04
 1.86311111e-04 1.04355556e-04 1.32177778e-03 1.13031111e-03
 1.45155556e-04 4.70400000e-04 4.34577778e-04 8.69955556e-04
 1.46977778e-03 6.64622222e-04 5.80088889e-04 1.60026667e-03
 8.02311111e-04 1.29368889e-03 4.49244444e-04 6.87466667e-04
 2.13217778e-03 4.05244444e-04 4.87733333e-04 8.75555556e-05
 1.02115556e-03]			[7.49966222e-06 8.10467556e-06 8.02872889e-06 1.00316444e-05
 1.30379378e-05 1.04128000e-05 5.65603556e-06 3.42727111e-06
 1.88967822e-05 7.24408889e-06 6.48860444e-06 8.51370667e-06
 1.26593422e-05 1.80509867e-05 9.99509333e-06 6.93959111e-06
 1.89981867e-05 2.20549689e-05 1.12294400e-05 8.66773333e-06
 9.44270222e-06 5.44711111e-06 7.68199111e-06 1.22146133e-05
 8.76728889e-06 1.07918222e-05 1.12347022e-05 5.59445333e-06
 9.35608889e-06 1.11385600e-05 9.42179556e-06 9.92867556e-06
 7.65169778e-06 1.02853689e-05 1.00653511e-05 1.39507200e-05
 8.15928889e-06 6.87217778e-06 1.41912178e-05 9.07505778e-06
 7.28704000e-06 1.06622578e-05 4.32711111e-06 4.50005333e-06
 7.04597333e-06 3.27509333e-06 1.00043378e-05 7.31904000e-06
 3.95946667e-06]
2.02			[4.57360e-04 1.23640e-03 4.67200e-04 8.28400e-04 6.32640e-04 5.11200e-05
 7.15920e-04 1.08728e-03 5.64960e-04 6.60720e-04 1.30000e-04 1.48000e-05
 1.14784e-03 1.28296e-03 1.56304e-03 5.47920e-04 1.11920e-03 6.24320e-04
 1.83664e-03 6.90320e-04 2.28216e-03 5.63680e-04 8.45600e-04 2.47520e-04
 3.47760e-04 4.22320e-04 8.51760e-04 7.04320e-04 2.21440e-04 3.05520e-04
 1.50072e-03 8.55360e-04 3.27200e-05 1.16320e-04 1.81760e-04 4.77200e-04
 1.50784e-03 6.14960e-04 1.43520e-04 1.15136e-03 6.85920e-04 1.39136e-03
 4.31920e-04 1.18608e-03 1.93824e-03 5.99600e-04 3.95280e-04 1.08400e-04
 9.25520e-04]			[7.0193920e-06 7.4515200e-06 7.6962560e-06 9.2060160e-06 1.1918848e-05
 9.5357440e-06 5.7953280e-06 6.1730560e-06 1.7054592e-05 7.3550080e-06
 6.5652480e-06 7.7763840e-06 1.3691136e-05 1.6333312e-05 9.2779520e-06
 6.3562240e-06 1.7962880e-05 2.0287872e-05 1.1022336e-05 8.3907840e-06
 9.6244480e-06 5.6611840e-06 7.0277120e-06 1.1959552e-05 7.9847680e-06
 9.8083840e-06 1.0817152e-05 5.2967680e-06 8.5253120e-06 1.0606464e-05
 9.4693120e-06 9.2300800e-06 7.3259520e-06 1.2210048e-05 9.5553280e-06
 1.3871104e-05 7.9586560e-06 6.2603520e-06 1.4288768e-05 9.2847360e-06
 6.6515200e-06 1.0142976e-05 4.0734720e-06 7.3468160e-06 6.5913600e-06
 3.5802880e-06 9.1072000e-06 6.6762240e-06 3.5795200e-06]
1.92			[1.40000000e-04 4.75927273e-04 5.25309091e-04 7.08581818e-04
 6.19563636e-04 8.64727273e-05 5.38545455e-04 9.79490909e-04
 3.50400000e-04 6.49963636e-04 2.20290909e-04 5.76727273e-05
 7.90909091e-04 1.01978182e-03 1.47061818e-03 2.62545455e-04
 1.35025455e-03 8.83563636e-04 1.56007273e-03 6.14472727e-04
 1.88516364e-03 5.85454545e-05 3.18472727e-04 8.02909091e-05
 4.24727273e-05 5.44145455e-04 6.77090909e-04 6.52727273e-04
 3.12363636e-04 2.13818182e-04 1.36683636e-03 8.91709091e-04
 4.26909091e-05 1.19563636e-04 1.24436364e-04 4.72727273e-04
 1.07854545e-03 5.95636364e-04 9.27272727e-05 7.22400000e-04
 3.17381818e-04 7.42836364e-04 4.72145455e-04 8.90109091e-04
 1.58749091e-03 8.90836364e-04 1.86254545e-04 4.68363636e-05
 8.91127273e-04]			[7.25585455e-06 1.15195345e-05 7.38560000e-06 8.45858909e-06
 1.09249164e-05 8.82909091e-06 5.49387636e-06 5.63421091e-06
 1.59773091e-05 6.76736000e-06 6.56802909e-06 7.35301818e-06
 1.31988945e-05 1.51227345e-05 8.62557091e-06 6.43223273e-06
 1.76115200e-05 1.96069236e-05 1.03045818e-05 7.81300364e-06
 9.20738909e-06 7.50592000e-06 8.69562182e-06 1.11663709e-05
 8.12194909e-06 9.27778909e-06 9.98807273e-06 4.86050909e-06
 7.92273455e-06 9.82237091e-06 8.69166545e-06 8.58926545e-06
 7.22653091e-06 1.13681455e-05 9.69588364e-06 1.27910400e-05
 8.37259636e-06 5.79677091e-06 1.36081455e-05 9.63118545e-06
 7.18964364e-06 1.24567273e-05 3.81498182e-06 7.23258182e-06
 6.38522182e-06 4.78196364e-06 8.63790545e-06 6.14830545e-06
 3.29809455e-06]
1.8199999999999998			[2.52000000e-05 7.42133333e-04 5.49933333e-04 9.17200000e-04
 8.53800000e-04 3.20866667e-04 2.47933333e-04 8.21466667e-04
 1.84266667e-04 9.85400000e-04 3.34333333e-04 1.77333333e-05
 8.89866667e-04 1.04826667e-03 1.12346667e-03 2.49133333e-04
 1.54820000e-03 6.55800000e-04 1.65406667e-03 5.27933333e-04
 2.15126667e-03 1.28000000e-05 3.71800000e-04 1.93866667e-04
 1.84266667e-04 7.24666667e-04 8.00200000e-04 7.43266667e-04
 3.24200000e-04 1.65666667e-04 1.25833333e-03 5.44466667e-04
 4.73333333e-05 7.25333333e-05 1.96800000e-04 4.95800000e-04
 1.23753333e-03 8.99733333e-04 3.47800000e-04 7.45866667e-04
 1.55600000e-04 5.18333333e-04 6.38466667e-04 8.69733333e-04
 1.54886667e-03 6.34533333e-04 6.16666667e-05 2.45933333e-04
 8.19066667e-04]			[6.97173333e-06 1.18014933e-05 7.09162667e-06 8.64864000e-06
 1.11827200e-05 1.00717867e-05 5.87616000e-06 5.35786667e-06
 1.49065600e-05 8.11328000e-06 6.41792000e-06 6.94741333e-06
 1.25505067e-05 1.41665067e-05 8.66432000e-06 5.93514667e-06
 1.74872533e-05 1.82802133e-05 1.01451733e-05 7.25600000e-06
 1.07168000e-05 6.94240000e-06 8.20810667e-06 1.06592000e-05
 7.79370667e-06 9.17216000e-06 9.56149333e-06 4.86314667e-06
 7.54709333e-06 9.09056000e-06 8.00362667e-06 8.99466667e-06
 6.69290667e-06 1.04834133e-05 1.00871467e-05 1.18305067e-05
 8.61504000e-06 6.87029333e-06 1.34763733e-05 8.94837333e-06
 6.88544000e-06 1.21349333e-05 4.31648000e-06 6.73525333e-06
 6.13536000e-06 4.85184000e-06 8.64480000e-06 6.17930667e-06
 3.04202667e-06]
1.7199999999999998			[3.45907692e-04 7.49353846e-04 3.11261538e-04 8.59076923e-04
 6.83323077e-04 3.68861538e-04 3.35138462e-04 1.35636923e-03
 2.14030769e-04 8.52615385e-04 2.93600000e-04 1.08061538e-04
 1.25255385e-03 1.10726154e-03 8.35446154e-04 7.77846154e-04
 1.00160000e-03 4.63261538e-04 1.43870769e-03 3.19630769e-04
 2.08726154e-03 2.56553846e-04 4.23384615e-05 2.65476923e-04
 1.94461538e-05 2.27692308e-05 8.73846154e-04 9.30215385e-04
 1.10276923e-04 1.07138462e-04 1.47772308e-03 1.95138462e-04
 2.48000000e-05 1.26461538e-04 6.52123077e-04 7.86030769e-04
 8.26830769e-04 4.88615385e-04 2.22400000e-04 7.58523077e-04
 8.97230769e-05 4.88307692e-04 2.98461538e-04 1.12584615e-03
 1.61889231e-03 3.46153846e-04 9.62461538e-05 4.11015385e-04
 9.17230769e-04]			[7.92428308e-06 1.10350769e-05 7.07387077e-06 8.10820923e-06
 1.04898954e-05 9.39697231e-06 5.66144000e-06 9.63869538e-06
 1.38117908e-05 7.58557538e-06 5.99433846e-06 6.60273231e-06
 1.44218585e-05 1.34205046e-05 8.64620308e-06 9.54466462e-06
 1.86009600e-05 1.72899446e-05 9.53314462e-06 7.55554462e-06
 1.00460308e-05 7.36708923e-06 8.77961846e-06 9.98104615e-06
 7.54284308e-06 1.39819323e-05 9.08937846e-06 5.32716308e-06
 7.52384000e-06 9.31721846e-06 8.69897846e-06 9.58089846e-06
 6.27928615e-06 9.78766769e-06 1.22306954e-05 1.24978215e-05
 9.28413538e-06 7.99517538e-06 1.27856246e-05 8.36667077e-06
 6.43072000e-06 1.13920985e-05 5.27133538e-06 7.63716923e-06
 6.18476308e-06 5.32056615e-06 8.39729231e-06 6.16172308e-06
 3.17361231e-06]
1.6199999999999999			[1.98857143e-04 8.78628571e-04 1.40514286e-04 8.70685714e-04
 8.05885714e-04 4.63428571e-04 4.16400000e-04 1.55388571e-03
 1.71085714e-04 1.24125714e-03 3.54342857e-04 2.38857143e-04
 1.26497143e-03 1.08788571e-03 1.05022857e-03 8.76457143e-04
 1.02457143e-03 4.71314286e-04 1.60428571e-03 4.20000000e-04
 1.89451429e-03 2.58285714e-04 1.45200000e-04 1.12971429e-04
 5.71428571e-08 6.36000000e-05 9.55428571e-04 8.73371429e-04
 4.41600000e-04 3.37428571e-04 1.43417143e-03 2.23028571e-04
 4.18571429e-04 2.34571429e-04 5.90514286e-04 8.49600000e-04
 6.09828571e-04 3.50742857e-04 3.82971429e-04 4.88342857e-04
 7.54857143e-05 5.31142857e-04 5.04914286e-04 1.40714286e-03
 1.50862857e-03 2.78742857e-04 2.43257143e-04 5.55714286e-04
 9.19771429e-04]			[7.60320000e-06 1.09733486e-05 6.95506286e-06 7.64169143e-06
 1.01941943e-05 8.95378286e-06 5.63904000e-06 1.02163200e-05
 1.28596114e-05 1.00216686e-05 5.68146286e-06 6.45248000e-06
 1.35990857e-05 1.25551543e-05 9.13225143e-06 9.22075429e-06
 1.74264686e-05 1.64615314e-05 9.87949714e-06 7.30953143e-06
 9.44621714e-06 6.91200000e-06 8.36251429e-06 9.53362286e-06
 7.08534857e-06 1.30338743e-05 8.92900571e-06 5.02829714e-06
 8.70573714e-06 9.58281143e-06 8.15606857e-06 9.01778286e-06
 8.07524571e-06 9.29810286e-06 1.14977829e-05 1.18337829e-05
 8.99794286e-06 7.67561143e-06 1.23549257e-05 8.46418286e-06
 6.37312000e-06 1.06747429e-05 5.65449143e-06 9.04466286e-06
 6.01883429e-06 5.09010286e-06 8.23003429e-06 6.16146286e-06
 3.02153143e-06]
1.5199999999999998			[3.05173333e-04 7.83520000e-04 7.65333333e-05 1.13194667e-03
 6.13493333e-04 2.84960000e-04 2.61760000e-04 1.34848000e-03
 2.97440000e-04 7.72373333e-04 4.62720000e-04 5.16960000e-04
 1.29194667e-03 9.64746667e-04 1.03461333e-03 8.23253333e-04
 1.36997333e-03 8.20426667e-04 1.58501333e-03 5.83626667e-04
 1.93658667e-03 9.29066667e-05 7.26933333e-05 2.91200000e-04
 1.31893333e-04 2.98666667e-06 6.47680000e-04 8.74773333e-04
 6.42506667e-04 4.27093333e-04 1.58224000e-03 4.24160000e-04
 3.03040000e-04 5.72853333e-04 4.11360000e-04 7.77653333e-04
 3.16213333e-04 1.38133333e-04 4.72586667e-04 5.67360000e-04
 8.20800000e-05 8.08853333e-04 6.05760000e-04 1.41653333e-03
 1.57338667e-03 6.43200000e-05 1.77600000e-04 7.71146667e-04
 9.18453333e-04]			[7.40650667e-06 1.03000747e-05 6.58440533e-06 8.69990400e-06
 9.81990400e-06 8.70126933e-06 5.53924267e-06 9.74455467e-06
 1.24174507e-05 1.17730987e-05 5.61271467e-06 7.42101333e-06
 1.30927787e-05 1.18897493e-05 8.59229867e-06 8.67788800e-06
 1.89632000e-05 1.76658773e-05 9.39272533e-06 7.39242667e-06
 9.35918933e-06 6.83912533e-06 8.48904533e-06 9.44307200e-06
 6.98990933e-06 1.23023360e-05 9.25218133e-06 4.77235200e-06
 9.05787733e-06 9.18109867e-06 8.56994133e-06 9.17563733e-06
 7.67385600e-06 1.05675093e-05 1.10929067e-05 1.10757547e-05
 9.41380267e-06 7.75040000e-06 1.18016853e-05 8.13320533e-06
 5.97248000e-06 1.14638507e-05 5.56544000e-06 8.65672533e-06
 6.25902933e-06 5.36089600e-06 7.75210667e-06 6.73075200e-06
 2.88409600e-06]
1.42			[4.16050e-04 5.98150e-04 1.95000e-05 7.31700e-04 9.71500e-04 2.80650e-04
 9.22500e-05 1.31840e-03 4.56400e-04 7.11950e-04 4.27150e-04 5.26350e-04
 1.27895e-03 9.33450e-04 1.04510e-03 9.20450e-04 1.08950e-03 4.06850e-04
 1.46065e-03 6.86750e-04 1.53065e-03 4.07000e-04 9.86000e-05 1.22200e-04
 1.73200e-04 1.45550e-04 5.70300e-04 8.73900e-04 8.74400e-04 3.24700e-04
 1.51215e-03 4.46050e-04 1.59500e-05 3.12950e-04 6.10150e-04 6.79350e-04
 1.26800e-04 5.38500e-05 6.69100e-04 3.91000e-04 1.10100e-04 7.50650e-04
 5.07600e-04 1.18250e-03 1.34435e-03 1.87350e-04 2.34050e-04 7.75050e-04
 9.46300e-04]			[7.261360e-06 1.004824e-05 6.467040e-06 9.954160e-06 1.177704e-05
 8.272720e-06 5.741680e-06 9.203680e-06 1.219128e-05 1.111168e-05
 5.283200e-06 7.053760e-06 1.236920e-05 1.123112e-05 8.187040e-06
 8.527200e-06 1.840144e-05 1.876176e-05 9.162640e-06 7.316480e-06
 1.016488e-05 8.097200e-06 8.468480e-06 9.241440e-06 7.991680e-06
 1.196208e-05 8.721680e-06 4.567600e-06 9.710640e-06 8.825280e-06
 8.082320e-06 8.716720e-06 8.709840e-06 1.081344e-05 1.126592e-05
 1.048048e-05 9.344240e-06 7.424560e-06 1.192296e-05 7.980240e-06
 6.176960e-06 1.076696e-05 5.306400e-06 8.516160e-06 6.261440e-06
 5.355040e-06 9.900240e-06 6.377920e-06 2.845360e-06]
1.3199999999999998			[2.44564706e-04 5.35529412e-04 1.40847059e-04 6.15529412e-04
 1.10065882e-03 1.34211765e-04 2.05176471e-05 1.19167059e-03
 4.02682353e-04 7.52658824e-04 1.75576471e-04 5.72658824e-04
 1.01505882e-03 9.02305882e-04 1.07745882e-03 5.37270588e-04
 8.58023529e-04 3.57600000e-04 1.37341176e-03 3.08800000e-04
 1.64188235e-03 2.67811765e-04 1.02400000e-04 2.92188235e-04
 1.04000000e-05 4.78023529e-04 6.40847059e-04 8.09647059e-04
 8.59623529e-04 1.08423529e-04 1.13708235e-03 3.67247059e-04
 2.01176471e-04 3.97647059e-04 4.26070588e-04 8.41835294e-04
 6.54588235e-05 1.43294118e-04 5.70352941e-04 2.97600000e-04
 1.19529412e-05 3.47482353e-04 3.24376471e-04 1.13802353e-03
 1.49821176e-03 4.00941176e-05 3.63011765e-04 9.79058824e-04
 9.32988235e-04]			[7.22891294e-06 9.56190118e-06 6.41558588e-06 9.50241882e-06
 1.19004612e-05 8.25472000e-06 5.53479529e-06 8.76687059e-06
 1.15050918e-05 1.05811576e-05 5.87226353e-06 6.77338353e-06
 1.23247435e-05 1.06246024e-05 7.87952941e-06 9.91902118e-06
 1.78799435e-05 1.76932894e-05 8.64685176e-06 8.96911059e-06
 1.03159718e-05 7.87230118e-06 7.99119059e-06 1.15797082e-05
 7.94322824e-06 1.32711153e-05 8.51599059e-06 4.32203294e-06
 9.22932706e-06 9.00118588e-06 9.22548706e-06 8.26149647e-06
 9.20779294e-06 1.04707765e-05 1.09851106e-05 1.06258071e-05
 9.62657882e-06 7.66471529e-06 1.13779200e-05 7.60131765e-06
 6.06539294e-06 1.24515388e-05 5.52929882e-06 8.28513882e-06
 6.90364235e-06 5.46138353e-06 9.67800471e-06 7.17071059e-06
 2.71751529e-06]
1.2199999999999998			[5.62800000e-04 6.87777778e-04 1.01511111e-04 4.00844444e-04
 1.27035556e-03 4.55111111e-05 8.44444444e-05 1.31573333e-03
 2.97244444e-04 7.00755556e-04 3.74666667e-05 5.79022222e-04
 9.91644444e-04 7.63644444e-04 1.06240000e-03 4.78044444e-04
 6.69911111e-04 3.69333333e-05 1.37480000e-03 2.41244444e-04
 1.43804444e-03 1.82577778e-04 3.69244444e-04 5.02222222e-04
 1.17111111e-04 4.41288889e-04 8.06311111e-04 8.95422222e-04
 7.60311111e-04 3.38177778e-04 1.06200000e-03 5.34355556e-04
 8.36000000e-05 3.17377778e-04 3.30266667e-04 8.81866667e-04
 1.31555556e-04 4.66666667e-06 4.30000000e-04 4.37688889e-04
 3.39155556e-04 3.68844444e-04 4.79466667e-04 1.23702222e-03
 1.38466667e-03 1.19911111e-04 1.71333333e-04 1.30662222e-03
 9.94977778e-04]			[8.86577778e-06 9.66691556e-06 7.18464000e-06 9.60000000e-06
 1.22449067e-05 8.49991111e-06 5.49532444e-06 9.00536889e-06
 1.10392889e-05 1.00417422e-05 5.87825778e-06 6.44679111e-06
 1.16837689e-05 1.02195200e-05 7.53379556e-06 9.45102222e-06
 1.72956444e-05 1.84083200e-05 8.34048000e-06 8.53681778e-06
 9.99466667e-06 7.62709333e-06 9.08544000e-06 1.18786133e-05
 7.76248889e-06 1.25985422e-05 8.81301333e-06 4.44572444e-06
 8.84600889e-06 9.54723556e-06 8.76586667e-06 8.45098667e-06
 1.00825600e-05 9.97909333e-06 1.05119289e-05 1.02841600e-05
 9.24515556e-06 7.60056889e-06 1.09868089e-05 7.63477333e-06
 7.73006222e-06 1.18372267e-05 5.77898667e-06 8.31644444e-06
 6.70784000e-06 5.35829333e-06 9.72316444e-06 9.43111111e-06
 2.80177778e-06]
1.1199999999999999			[9.05684211e-04 8.63957895e-04 5.66315789e-05 5.30357895e-04
 1.28715789e-03 2.31452632e-04 2.91536842e-04 1.11991579e-03
 2.95873684e-04 4.79242105e-04 5.87789474e-05 5.06863158e-04
 9.21094737e-04 3.88589474e-04 1.19360000e-03 3.47031579e-04
 7.34400000e-04 5.44000000e-05 1.38391579e-03 3.58736842e-04
 1.27322105e-03 2.14989474e-04 5.49978947e-04 6.54273684e-04
 2.14610526e-04 5.58526316e-04 9.32547368e-04 9.42442105e-04
 6.61515789e-04 5.32252632e-04 1.28109474e-03 6.92421053e-04
 6.94315789e-05 5.54105263e-04 5.51789474e-04 7.66063158e-04
 1.50315789e-04 1.11705263e-04 5.72463158e-04 5.16505263e-04
 3.12926316e-04 4.16378947e-04 7.21600000e-04 1.36850526e-03
 1.48585263e-03 1.02105263e-04 1.78947368e-05 1.09865263e-03
 9.73852632e-04]			[1.11929937e-05 1.01190737e-05 6.93288421e-06 9.57089684e-06
 1.17749221e-05 9.57278316e-06 6.08175158e-06 8.95548632e-06
 1.05434947e-05 1.01785600e-05 5.61960421e-06 6.23676632e-06
 1.11029221e-05 1.19232000e-05 7.85556211e-06 9.26255158e-06
 1.67142400e-05 1.76417684e-05 8.08488421e-06 8.59708632e-06
 9.70300632e-06 7.28003368e-06 9.47934316e-06 1.18818358e-05
 7.59026526e-06 1.23693811e-05 8.92018526e-06 4.42489263e-06
 8.51563789e-06 9.96203789e-06 9.85950316e-06 8.71565474e-06
 9.61738105e-06 1.07850105e-05 1.11045389e-05 9.93003789e-06
 8.84729263e-06 7.45977263e-06 1.10048337e-05 7.51595789e-06
 7.34693053e-06 1.13610779e-05 6.91860211e-06 8.63029895e-06
 6.95444211e-06 5.11050105e-06 9.82561684e-06 9.32075789e-06
 2.67904000e-06]
1.0199999999999998			[8.47680e-04 8.11160e-04 1.86000e-05 5.11600e-04 1.17524e-03 3.88360e-04
 1.65880e-04 1.13800e-03 3.78880e-04 4.31800e-04 1.27720e-04 7.07000e-04
 7.58600e-04 2.73120e-04 1.15616e-03 1.85240e-04 6.49840e-04 3.52360e-04
 1.14044e-03 5.81200e-05 1.12076e-03 4.18600e-04 4.76080e-04 4.58560e-04
 2.10640e-04 4.36480e-04 9.34520e-04 8.96280e-04 7.03280e-04 4.36840e-04
 1.32064e-03 5.66000e-04 1.86360e-04 6.54280e-04 5.60760e-04 6.58960e-04
 2.54000e-05 1.71200e-04 5.08400e-04 8.17040e-04 5.45320e-04 5.09640e-04
 7.76960e-04 1.20872e-03 1.74892e-03 3.41320e-04 1.73600e-04 8.95360e-04
 1.07444e-03]			[1.0672576e-05 9.7579520e-06 6.7162880e-06 9.1536640e-06 1.1248896e-05
 9.7065600e-06 6.0415360e-06 8.7327360e-06 1.0225088e-05 9.7555840e-06
 6.0315520e-06 7.0654080e-06 1.0856960e-05 1.1595712e-05 7.5126400e-06
 9.2369920e-06 1.6030592e-05 2.0077312e-05 8.3077120e-06 9.8177280e-06
 9.4405760e-06 7.9729920e-06 9.0556160e-06 1.1861568e-05 7.2787840e-06
 1.1934208e-05 8.5479040e-06 4.2449920e-06 8.2259200e-06 9.5887360e-06
 9.6004480e-06 8.5261440e-06 9.4845440e-06 1.0579840e-05 1.0621376e-05
 9.5667200e-06 8.7074560e-06 7.3258240e-06 1.0559424e-05 9.3048960e-06
 8.2428160e-06 1.1094784e-05 6.7816960e-06 8.4588800e-06 8.9542400e-06
 6.0894080e-06 9.8478080e-06 9.3171840e-06 3.0512640e-06]
0.9199999999999999			[1.14777143e-03 7.16076190e-04 3.49714286e-05 4.79961905e-04
 1.07580952e-03 4.53409524e-04 3.62476190e-04 8.75504762e-04
 3.76761905e-04 3.02133333e-04 1.16457143e-04 1.08537143e-03
 6.85219048e-04 5.55390476e-04 9.57942857e-04 2.97714286e-04
 5.54171429e-04 5.80685714e-04 9.13790476e-04 2.39085714e-04
 1.13542857e-03 1.20304762e-04 3.66019048e-04 3.96571429e-04
 2.89904762e-05 3.90780952e-04 7.26819048e-04 1.02194286e-03
 6.46933333e-04 5.69866667e-04 1.01740952e-03 4.49904762e-04
 3.93523810e-05 4.39695238e-04 5.25714286e-04 5.34819048e-04
 2.64685714e-04 1.60761905e-04 5.93904762e-04 9.67542857e-04
 4.47885714e-04 5.24419048e-04 7.86666667e-04 1.17786667e-03
 1.74994286e-03 4.12304762e-04 2.93980952e-04 8.53752381e-04
 1.12262857e-03]			[1.26772419e-05 9.40062476e-06 6.44931048e-06 8.86954667e-06
 1.07759543e-05 9.45621333e-06 6.69592381e-06 9.24324571e-06
 9.76341333e-06 9.76932571e-06 5.79285333e-06 1.04004876e-05
 1.04744838e-05 1.29131276e-05 7.59405714e-06 9.22166857e-06
 1.54657524e-05 2.04044800e-05 8.60263619e-06 1.02467657e-05
 9.09799619e-06 9.23946667e-06 8.87149714e-06 1.13561600e-05
 8.21632000e-06 1.15265219e-05 8.70710857e-06 4.71381333e-06
 7.88540952e-06 9.64394667e-06 1.03749486e-05 8.30585905e-06
 9.55251810e-06 1.08122819e-05 1.03113143e-05 9.39843048e-06
 9.58738286e-06 7.02390857e-06 1.03293562e-05 9.62980571e-06
 7.97165714e-06 1.06185752e-05 6.59370667e-06 8.12574476e-06
 8.72563810e-06 6.12882286e-06 9.74128762e-06 8.91611429e-06
 3.14392381e-06]